12.4
1.14
6.82
12.71
4.36
5.3
16.1
5.08
3.7
6.78
8.53
5.6
7.8
4.12
4.9
10.98
1.84
13.1
7.29
4.22
7.1
7.6
9.36
2.14
8.72
6.79
6.31
10.7
11.86
14.93
12.3
6.7
5.5
13.1
1.13
11.44
8.4
11.21
10.4
5.7
9.83
10.66
5.1
3.2
4.7
7.6
7.6
12.6
8.99
8.27
9.97
5.89
2.7
14.4
7.27
4.6
2.63
7.59
11
6.6
7.7
14.1
13.69
5.13
5.4
10.3
5.2
24.23
6.2
7.1
5.6
5.95
7.16
6
8.5
2.02
12.09
5.58
4.4
5.96
12.8
7.75
3.3
1.36
5
3.85
13.76
9.69
8.88
8.85
11.58
11.7
6.6
9.2
1.4
4.7
8.1
11.4
8.4
1.99
5.3
9.52
6.7
15.12
11.6
6.58
8.6
6.59
6.4
6.5
6.96
12.9
6.9
8.62
9.8
5.1
8.22
3.2
6.5
9.4
5.8
12.9
13.42
4.2
2.88
6.83
9.36
11.22
10
8
6.1
2.84
12.7
7.5
3
9.28
1.01
6.6
9.64
6.14
9.4
7.3
7.4
17.4
7.92
13.11
11.85
10.9
3.32
9
8.7
13.2
13.6
7.48